37 3 3
36 4 3
35 5 3
35 4 4
34 6 3
34 5 4
34 3 3 3
33 7 3
33 6 4
33 5 5
33 4 3 3
32 8 3
32 7 4
32 6 5
32 5 3 3
32 4 4 3
31 9 3
31 8 4
31 7 5
31 6 6
31 6 3 3
31 5 4 3
31 4 4 4
31 3 3 3 3
30 10 3
30 9 4
30 8 5
30 7 6
30 7 3 3
30 6 4 3
30 5 5 3
30 5 4 4
30 4 3 3 3
29 11 3
29 10 4
29 9 5
29 8 6
29 8 3 3
29 7 7
29 7 4 3
29 6 5 3
29 6 4 4
29 5 5 4
29 5 3 3 3
29 4 4 3 3
28 12 3
28 11 4
28 10 5
28 9 6
28 9 3 3
28 8 7
28 8 4 3
28 7 5 3
28 7 4 4
28 6 6 3
28 6 5 4
28 6 3 3 3
28 5 5 5
28 5 4 3 3
28 4 4 4 3
28 3 3 3 3 3
27 13 3
27 12 4
27 11 5
27 10 6
27 10 3 3
27 9 7
27 9 4 3
27 8 8
27 8 5 3
27 8 4 4
27 7 6 3
27 7 5 4
27 7 3 3 3
27 6 6 4
27 6 5 5
27 6 4 3 3
27 5 5 3 3
27 5 4 4 3
27 4 4 4 4
27 4 3 3 3 3
26 14 3
26 13 4
26 12 5
26 11 6
26 11 3 3
26 10 7
26 10 4 3
26 9 8
26 9 5 3
26 9 4 4
26 8 6 3
26 8 5 4
26 8 3 3 3
26 7 7 3
26 7 6 4
26 7 5 5
26 7 4 3 3
26 6 6 5
26 6 5 3 3
26 6 4 4 3
26 5 5 4 3
26 5 4 4 4
26 5 3 3 3 3
26 4 4 3 3 3
25 15 3
25 14 4
25 13 5
25 12 6
25 12 3 3
25 11 7
25 11 4 3
25 10 8
25 10 5 3
25 10 4 4
25 9 9
25 9 6 3
25 9 5 4
25 9 3 3 3
25 8 7 3
25 8 6 4
25 8 5 5
25 8 4 3 3
25 7 7 4
25 7 6 5
25 7 5 3 3
25 7 4 4 3
25 6 6 6
25 6 6 3 3
25 6 5 4 3
25 6 4 4 4
25 6 3 3 3 3
25 5 5 5 3
25 5 5 4 4
25 5 4 3 3 3
25 4 4 4 3 3
25 3 3 3 3 3 3
24 16 3
24 15 4
24 14 5
24 13 6
24 13 3 3
24 12 7
24 12 4 3
24 11 8
24 11 5 3
24 11 4 4
24 10 9
24 10 6 3
24 10 5 4
24 10 3 3 3
24 9 7 3
24 9 6 4
24 9 5 5
24 9 4 3 3
24 8 8 3
24 8 7 4
24 8 6 5
24 8 5 3 3
24 8 4 4 3
24 7 7 5
24 7 6 6
24 7 6 3 3
24 7 5 4 3
24 7 4 4 4
24 7 3 3 3 3
24 6 6 4 3
24 6 5 5 3
24 6 5 4 4
24 6 4 3 3 3
24 5 5 5 4
24 5 5 3 3 3
24 5 4 4 3 3
24 4 4 4 4 3
24 4 3 3 3 3 3
23 17 3
23 16 4
23 15 5
23 14 6
23 14 3 3
23 13 7
23 13 4 3
23 12 8
23 12 5 3
23 12 4 4
23 11 9
23 11 6 3
23 11 5 4
23 11 3 3 3
23 10 10
23 10 7 3
23 10 6 4
23 10 5 5
23 10 4 3 3
23 9 8 3
23 9 7 4
23 9 6 5
23 9 5 3 3
23 9 4 4 3
23 8 8 4
23 8 7 5
23 8 6 6
23 8 6 3 3
23 8 5 4 3
23 8 4 4 4
23 8 3 3 3 3
23 7 7 6
23 7 7 3 3
23 7 6 4 3
23 7 5 5 3
23 7 5 4 4
23 7 4 3 3 3
23 6 6 5 3
23 6 6 4 4
23 6 5 5 4
23 6 5 3 3 3
23 6 4 4 3 3
23 5 5 5 5
23 5 5 4 3 3
23 5 4 4 4 3
23 5 3 3 3 3 3
23 4 4 4 4 4
23 4 4 3 3 3 3
22 18 3
22 17 4
22 16 5
22 15 6
22 15 3 3
22 14 7
22 14 4 3
22 13 8
22 13 5 3
22 13 4 4
22 12 9
22 12 6 3
22 12 5 4
22 12 3 3 3
22 11 10
22 11 7 3
22 11 6 4
22 11 5 5
22 11 4 3 3
22 10 8 3
22 10 7 4
22 10 6 5
22 10 5 3 3
22 10 4 4 3
22 9 9 3
22 9 8 4
22 9 7 5
22 9 6 6
22 9 6 3 3
22 9 5 4 3
22 9 4 4 4
22 9 3 3 3 3
22 8 8 5
22 8 7 6
22 8 7 3 3
22 8 6 4 3
22 8 5 5 3
22 8 5 4 4
22 8 4 3 3 3
22 7 7 7
22 7 7 4 3
22 7 6 5 3
22 7 6 4 4
22 7 5 5 4
22 7 5 3 3 3
22 7 4 4 3 3
22 6 6 6 3
22 6 6 5 4
22 6 6 3 3 3
22 6 5 5 5
22 6 5 4 3 3
22 6 4 4 4 3
22 6 3 3 3 3 3
22 5 5 5 3 3
22 5 5 4 4 3
22 5 4 4 4 4
22 5 4 3 3 3 3
22 4 4 4 3 3 3
22 3 3 3 3 3 3 3
21 19 3
21 18 4
21 17 5
21 16 6
21 16 3 3
21 15 7
21 15 4 3
21 14 8
21 14 5 3
21 14 4 4
21 13 9
21 13 6 3
21 13 5 4
21 13 3 3 3
21 12 10
21 12 7 3
21 12 6 4
21 12 5 5
21 12 4 3 3
21 11 11
21 11 8 3
21 11 7 4
21 11 6 5
21 11 5 3 3
21 11 4 4 3
21 10 9 3
21 10 8 4
21 10 7 5
21 10 6 6
21 10 6 3 3
21 10 5 4 3
21 10 4 4 4
21 10 3 3 3 3
21 9 9 4
21 9 8 5
21 9 7 6
21 9 7 3 3
21 9 6 4 3
21 9 5 5 3
21 9 5 4 4
21 9 4 3 3 3
21 8 8 6
21 8 8 3 3
21 8 7 7
21 8 7 4 3
21 8 6 5 3
21 8 6 4 4
21 8 5 5 4
21 8 5 3 3 3
21 8 4 4 3 3
21 7 7 5 3
21 7 7 4 4
21 7 6 6 3
21 7 6 5 4
21 7 6 3 3 3
21 7 5 5 5
21 7 5 4 3 3
21 7 4 4 4 3
21 7 3 3 3 3 3
21 6 6 6 4
21 6 6 5 5
21 6 6 4 3 3
21 6 5 5 3 3
21 6 5 4 4 3
21 6 4 4 4 4
21 6 4 3 3 3 3
21 5 5 5 4 3
21 5 5 4 4 4
21 5 5 3 3 3 3
21 5 4 4 3 3 3
21 4 4 4 4 3 3
21 4 3 3 3 3 3 3
20 20 3
20 19 4
20 18 5
20 17 6
20 17 3 3
20 16 7
20 16 4 3
20 15 8
20 15 5 3
20 15 4 4
20 14 9
20 14 6 3
20 14 5 4
20 14 3 3 3
20 13 10
20 13 7 3
20 13 6 4
20 13 5 5
20 13 4 3 3
20 12 11
20 12 8 3
20 12 7 4
20 12 6 5
20 12 5 3 3
20 12 4 4 3
20 11 9 3
20 11 8 4
20 11 7 5
20 11 6 6
20 11 6 3 3
20 11 5 4 3
20 11 4 4 4
20 11 3 3 3 3
20 10 10 3
20 10 9 4
20 10 8 5
20 10 7 6
20 10 7 3 3
20 10 6 4 3
20 10 5 5 3
20 10 5 4 4
20 10 4 3 3 3
20 9 9 5
20 9 8 6
20 9 8 3 3
20 9 7 7
20 9 7 4 3
20 9 6 5 3
20 9 6 4 4
20 9 5 5 4
20 9 5 3 3 3
20 9 4 4 3 3
20 8 8 7
20 8 8 4 3
20 8 7 5 3
20 8 7 4 4
20 8 6 6 3
20 8 6 5 4
20 8 6 3 3 3
20 8 5 5 5
20 8 5 4 3 3
20 8 4 4 4 3
20 8 3 3 3 3 3
20 7 7 6 3
20 7 7 5 4
20 7 7 3 3 3
20 7 6 6 4
20 7 6 5 5
20 7 6 4 3 3
20 7 5 5 3 3
20 7 5 4 4 3
20 7 4 4 4 4
20 7 4 3 3 3 3
20 6 6 6 5
20 6 6 5 3 3
20 6 6 4 4 3
20 6 5 5 4 3
20 6 5 4 4 4
20 6 5 3 3 3 3
20 6 4 4 3 3 3
20 5 5 5 5 3
20 5 5 5 4 4
20 5 5 4 3 3 3
20 5 4 4 4 3 3
20 5 3 3 3 3 3 3
20 4 4 4 4 4 3
20 4 4 3 3 3 3 3
19 19 5
19 18 6
19 18 3 3
19 17 7
19 17 4 3
19 16 8
19 16 5 3
19 16 4 4
19 15 9
19 15 6 3
19 15 5 4
19 15 3 3 3
19 14 10
19 14 7 3
19 14 6 4
19 14 5 5
19 14 4 3 3
19 13 11
19 13 8 3
19 13 7 4
19 13 6 5
19 13 5 3 3
19 13 4 4 3
19 12 12
19 12 9 3
19 12 8 4
19 12 7 5
19 12 6 6
19 12 6 3 3
19 12 5 4 3
19 12 4 4 4
19 12 3 3 3 3
19 11 10 3
19 11 9 4
19 11 8 5
19 11 7 6
19 11 7 3 3
19 11 6 4 3
19 11 5 5 3
19 11 5 4 4
19 11 4 3 3 3
19 10 10 4
19 10 9 5
19 10 8 6
19 10 8 3 3
19 10 7 7
19 10 7 4 3
19 10 6 5 3
19 10 6 4 4
19 10 5 5 4
19 10 5 3 3 3
19 10 4 4 3 3
19 9 9 6
19 9 9 3 3
19 9 8 7
19 9 8 4 3
19 9 7 5 3
19 9 7 4 4
19 9 6 6 3
19 9 6 5 4
19 9 6 3 3 3
19 9 5 5 5
19 9 5 4 3 3
19 9 4 4 4 3
19 9 3 3 3 3 3
19 8 8 8
19 8 8 5 3
19 8 8 4 4
19 8 7 6 3
19 8 7 5 4
19 8 7 3 3 3
19 8 6 6 4
19 8 6 5 5
19 8 6 4 3 3
19 8 5 5 3 3
19 8 5 4 4 3
19 8 4 4 4 4
19 8 4 3 3 3 3
19 7 7 7 3
19 7 7 6 4
19 7 7 5 5
19 7 7 4 3 3
19 7 6 6 5
19 7 6 5 3 3
19 7 6 4 4 3
19 7 5 5 4 3
19 7 5 4 4 4
19 7 5 3 3 3 3
19 7 4 4 3 3 3
19 6 6 6 6
19 6 6 6 3 3
19 6 6 5 4 3
19 6 6 4 4 4
19 6 6 3 3 3 3
19 6 5 5 5 3
19 6 5 5 4 4
19 6 5 4 3 3 3
19 6 4 4 4 3 3
19 6 3 3 3 3 3 3
19 5 5 5 5 4
19 5 5 5 3 3 3
19 5 5 4 4 3 3
19 5 4 4 4 4 3
19 5 4 3 3 3 3 3
19 4 4 4 4 4 4
19 4 4 4 3 3 3 3
19 3 3 3 3 3 3 3 3
18 18 7
18 18 4 3
18 17 8
18 17 5 3
18 17 4 4
18 16 9
18 16 6 3
18 16 5 4
18 16 3 3 3
18 15 10
18 15 7 3
18 15 6 4
18 15 5 5
18 15 4 3 3
18 14 11
18 14 8 3
18 14 7 4
18 14 6 5
18 14 5 3 3
18 14 4 4 3
18 13 12
18 13 9 3
18 13 8 4
18 13 7 5
18 13 6 6
18 13 6 3 3
18 13 5 4 3
18 13 4 4 4
18 13 3 3 3 3
18 12 10 3
18 12 9 4
18 12 8 5
18 12 7 6
18 12 7 3 3
18 12 6 4 3
18 12 5 5 3
18 12 5 4 4
18 12 4 3 3 3
18 11 11 3
18 11 10 4
18 11 9 5
18 11 8 6
18 11 8 3 3
18 11 7 7
18 11 7 4 3
18 11 6 5 3
18 11 6 4 4
18 11 5 5 4
18 11 5 3 3 3
18 11 4 4 3 3
18 10 10 5
18 10 9 6
18 10 9 3 3
18 10 8 7
18 10 8 4 3
18 10 7 5 3
18 10 7 4 4
18 10 6 6 3
18 10 6 5 4
18 10 6 3 3 3
18 10 5 5 5
18 10 5 4 3 3
18 10 4 4 4 3
18 10 3 3 3 3 3
18 9 9 7
18 9 9 4 3
18 9 8 8
18 9 8 5 3
18 9 8 4 4
18 9 7 6 3
18 9 7 5 4
18 9 7 3 3 3
18 9 6 6 4
18 9 6 5 5
18 9 6 4 3 3
18 9 5 5 3 3
18 9 5 4 4 3
18 9 4 4 4 4
18 9 4 3 3 3 3
18 8 8 6 3
18 8 8 5 4
18 8 8 3 3 3
18 8 7 7 3
18 8 7 6 4
18 8 7 5 5
18 8 7 4 3 3
18 8 6 6 5
18 8 6 5 3 3
18 8 6 4 4 3
18 8 5 5 4 3
18 8 5 4 4 4
18 8 5 3 3 3 3
18 8 4 4 3 3 3
18 7 7 7 4
18 7 7 6 5
18 7 7 5 3 3
18 7 7 4 4 3
18 7 6 6 6
18 7 6 6 3 3
18 7 6 5 4 3
18 7 6 4 4 4
18 7 6 3 3 3 3
18 7 5 5 5 3
18 7 5 5 4 4
18 7 5 4 3 3 3
18 7 4 4 4 3 3
18 7 3 3 3 3 3 3
18 6 6 6 4 3
18 6 6 5 5 3
18 6 6 5 4 4
18 6 6 4 3 3 3
18 6 5 5 5 4
18 6 5 5 3 3 3
18 6 5 4 4 3 3
18 6 4 4 4 4 3
18 6 4 3 3 3 3 3
18 5 5 5 5 5
18 5 5 5 4 3 3
18 5 5 4 4 4 3
18 5 5 3 3 3 3 3
18 5 4 4 4 4 4
18 5 4 4 3 3 3 3
18 4 4 4 4 3 3 3
18 4 3 3 3 3 3 3 3
17 17 9
17 17 6 3
17 17 5 4
17 17 3 3 3
17 16 10
17 16 7 3
17 16 6 4
17 16 5 5
17 16 4 3 3
17 15 11
17 15 8 3
17 15 7 4
17 15 6 5
17 15 5 3 3
17 15 4 4 3
17 14 12
17 14 9 3
17 14 8 4
17 14 7 5
17 14 6 6
17 14 6 3 3
17 14 5 4 3
17 14 4 4 4
17 14 3 3 3 3
17 13 13
17 13 10 3
17 13 9 4
17 13 8 5
17 13 7 6
17 13 7 3 3
17 13 6 4 3
17 13 5 5 3
17 13 5 4 4
17 13 4 3 3 3
17 12 11 3
17 12 10 4
17 12 9 5
17 12 8 6
17 12 8 3 3
17 12 7 7
17 12 7 4 3
17 12 6 5 3
17 12 6 4 4
17 12 5 5 4
17 12 5 3 3 3
17 12 4 4 3 3
17 11 11 4
17 11 10 5
17 11 9 6
17 11 9 3 3
17 11 8 7
17 11 8 4 3
17 11 7 5 3
17 11 7 4 4
17 11 6 6 3
17 11 6 5 4
17 11 6 3 3 3
17 11 5 5 5
17 11 5 4 3 3
17 11 4 4 4 3
17 11 3 3 3 3 3
17 10 10 6
17 10 10 3 3
17 10 9 7
17 10 9 4 3
17 10 8 8
17 10 8 5 3
17 10 8 4 4
17 10 7 6 3
17 10 7 5 4
17 10 7 3 3 3
17 10 6 6 4
17 10 6 5 5
17 10 6 4 3 3
17 10 5 5 3 3
17 10 5 4 4 3
17 10 4 4 4 4
17 10 4 3 3 3 3
17 9 9 8
17 9 9 5 3
17 9 9 4 4
17 9 8 6 3
17 9 8 5 4
17 9 8 3 3 3
17 9 7 7 3
17 9 7 6 4
17 9 7 5 5
17 9 7 4 3 3
17 9 6 6 5
17 9 6 5 3 3
17 9 6 4 4 3
17 9 5 5 4 3
17 9 5 4 4 4
17 9 5 3 3 3 3
17 9 4 4 3 3 3
17 8 8 7 3
17 8 8 6 4
17 8 8 5 5
17 8 8 4 3 3
17 8 7 7 4
17 8 7 6 5
17 8 7 5 3 3
17 8 7 4 4 3
17 8 6 6 6
17 8 6 6 3 3
17 8 6 5 4 3
17 8 6 4 4 4
17 8 6 3 3 3 3
17 8 5 5 5 3
17 8 5 5 4 4
17 8 5 4 3 3 3
17 8 4 4 4 3 3
17 8 3 3 3 3 3 3
17 7 7 7 5
17 7 7 6 6
17 7 7 6 3 3
17 7 7 5 4 3
17 7 7 4 4 4
17 7 7 3 3 3 3
17 7 6 6 4 3
17 7 6 5 5 3
17 7 6 5 4 4
17 7 6 4 3 3 3
17 7 5 5 5 4
17 7 5 5 3 3 3
17 7 5 4 4 3 3
17 7 4 4 4 4 3
17 7 4 3 3 3 3 3
17 6 6 6 5 3
17 6 6 6 4 4
17 6 6 5 5 4
17 6 6 5 3 3 3
17 6 6 4 4 3 3
17 6 5 5 5 5
17 6 5 5 4 3 3
17 6 5 4 4 4 3
17 6 5 3 3 3 3 3
17 6 4 4 4 4 4
17 6 4 4 3 3 3 3
17 5 5 5 5 3 3
17 5 5 5 4 4 3
17 5 5 4 4 4 4
17 5 5 4 3 3 3 3
17 5 4 4 4 3 3 3
17 5 3 3 3 3 3 3 3
17 4 4 4 4 4 3 3
17 4 4 3 3 3 3 3 3
16 16 11
16 16 8 3
16 16 7 4
16 16 6 5
16 16 5 3 3
16 16 4 4 3
16 15 12
16 15 9 3
16 15 8 4
16 15 7 5
16 15 6 6
16 15 6 3 3
16 15 5 4 3
16 15 4 4 4
16 15 3 3 3 3
16 14 13
16 14 10 3
16 14 9 4
16 14 8 5
16 14 7 6
16 14 7 3 3
16 14 6 4 3
16 14 5 5 3
16 14 5 4 4
16 14 4 3 3 3
16 13 11 3
16 13 10 4
16 13 9 5
16 13 8 6
16 13 8 3 3
16 13 7 7
16 13 7 4 3
16 13 6 5 3
16 13 6 4 4
16 13 5 5 4
16 13 5 3 3 3
16 13 4 4 3 3
16 12 12 3
16 12 11 4
16 12 10 5
16 12 9 6
16 12 9 3 3
16 12 8 7
16 12 8 4 3
16 12 7 5 3
16 12 7 4 4
16 12 6 6 3
16 12 6 5 4
16 12 6 3 3 3
16 12 5 5 5
16 12 5 4 3 3
16 12 4 4 4 3
16 12 3 3 3 3 3
16 11 11 5
16 11 10 6
16 11 10 3 3
16 11 9 7
16 11 9 4 3
16 11 8 8
16 11 8 5 3
16 11 8 4 4
16 11 7 6 3
16 11 7 5 4
16 11 7 3 3 3
16 11 6 6 4
16 11 6 5 5
16 11 6 4 3 3
16 11 5 5 3 3
16 11 5 4 4 3
16 11 4 4 4 4
16 11 4 3 3 3 3
16 10 10 7
16 10 10 4 3
16 10 9 8
16 10 9 5 3
16 10 9 4 4
16 10 8 6 3
16 10 8 5 4
16 10 8 3 3 3
16 10 7 7 3
16 10 7 6 4
16 10 7 5 5
16 10 7 4 3 3
16 10 6 6 5
16 10 6 5 3 3
16 10 6 4 4 3
16 10 5 5 4 3
16 10 5 4 4 4
16 10 5 3 3 3 3
16 10 4 4 3 3 3
16 9 9 9
16 9 9 6 3
16 9 9 5 4
16 9 9 3 3 3
16 9 8 7 3
16 9 8 6 4
16 9 8 5 5
16 9 8 4 3 3
16 9 7 7 4
16 9 7 6 5
16 9 7 5 3 3
16 9 7 4 4 3
16 9 6 6 6
16 9 6 6 3 3
16 9 6 5 4 3
16 9 6 4 4 4
16 9 6 3 3 3 3
16 9 5 5 5 3
16 9 5 5 4 4
16 9 5 4 3 3 3
16 9 4 4 4 3 3
16 9 3 3 3 3 3 3
16 8 8 8 3
16 8 8 7 4
16 8 8 6 5
16 8 8 5 3 3
16 8 8 4 4 3
16 8 7 7 5
16 8 7 6 6
16 8 7 6 3 3
16 8 7 5 4 3
16 8 7 4 4 4
16 8 7 3 3 3 3
16 8 6 6 4 3
16 8 6 5 5 3
16 8 6 5 4 4
16 8 6 4 3 3 3
16 8 5 5 5 4
16 8 5 5 3 3 3
16 8 5 4 4 3 3
16 8 4 4 4 4 3
16 8 4 3 3 3 3 3
16 7 7 7 6
16 7 7 7 3 3
16 7 7 6 4 3
16 7 7 5 5 3
16 7 7 5 4 4
16 7 7 4 3 3 3
16 7 6 6 5 3
16 7 6 6 4 4
16 7 6 5 5 4
16 7 6 5 3 3 3
16 7 6 4 4 3 3
16 7 5 5 5 5
16 7 5 5 4 3 3
16 7 5 4 4 4 3
16 7 5 3 3 3 3 3
16 7 4 4 4 4 4
16 7 4 4 3 3 3 3
16 6 6 6 6 3
16 6 6 6 5 4
16 6 6 6 3 3 3
16 6 6 5 5 5
16 6 6 5 4 3 3
16 6 6 4 4 4 3
16 6 6 3 3 3 3 3
16 6 5 5 5 3 3
16 6 5 5 4 4 3
16 6 5 4 4 4 4
16 6 5 4 3 3 3 3
16 6 4 4 4 3 3 3
16 6 3 3 3 3 3 3 3
16 5 5 5 5 4 3
16 5 5 5 4 4 4
16 5 5 5 3 3 3 3
16 5 5 4 4 3 3 3
16 5 4 4 4 4 3 3
16 5 4 3 3 3 3 3 3
16 4 4 4 4 4 4 3
16 4 4 4 3 3 3 3 3
16 3 3 3 3 3 3 3 3 3
15 15 13
15 15 10 3
15 15 9 4
15 15 8 5
15 15 7 6
15 15 7 3 3
15 15 6 4 3
15 15 5 5 3
15 15 5 4 4
15 15 4 3 3 3
15 14 14
15 14 11 3
15 14 10 4
15 14 9 5
15 14 8 6
15 14 8 3 3
15 14 7 7
15 14 7 4 3
15 14 6 5 3
15 14 6 4 4
15 14 5 5 4
15 14 5 3 3 3
15 14 4 4 3 3
15 13 12 3
15 13 11 4
15 13 10 5
15 13 9 6
15 13 9 3 3
15 13 8 7
15 13 8 4 3
15 13 7 5 3
15 13 7 4 4
15 13 6 6 3
15 13 6 5 4
15 13 6 3 3 3
15 13 5 5 5
15 13 5 4 3 3
15 13 4 4 4 3
15 13 3 3 3 3 3
15 12 12 4
15 12 11 5
15 12 10 6
15 12 10 3 3
15 12 9 7
15 12 9 4 3
15 12 8 8
15 12 8 5 3
15 12 8 4 4
15 12 7 6 3
15 12 7 5 4
15 12 7 3 3 3
15 12 6 6 4
15 12 6 5 5
15 12 6 4 3 3
15 12 5 5 3 3
15 12 5 4 4 3
15 12 4 4 4 4
15 12 4 3 3 3 3
15 11 11 6
15 11 11 3 3
15 11 10 7
15 11 10 4 3
15 11 9 8
15 11 9 5 3
15 11 9 4 4
15 11 8 6 3
15 11 8 5 4
15 11 8 3 3 3
15 11 7 7 3
15 11 7 6 4
15 11 7 5 5
15 11 7 4 3 3
15 11 6 6 5
15 11 6 5 3 3
15 11 6 4 4 3
15 11 5 5 4 3
15 11 5 4 4 4
15 11 5 3 3 3 3
15 11 4 4 3 3 3
15 10 10 8
15 10 10 5 3
15 10 10 4 4
15 10 9 9
15 10 9 6 3
15 10 9 5 4
15 10 9 3 3 3
15 10 8 7 3
15 10 8 6 4
15 10 8 5 5
15 10 8 4 3 3
15 10 7 7 4
15 10 7 6 5
15 10 7 5 3 3
15 10 7 4 4 3
15 10 6 6 6
15 10 6 6 3 3
15 10 6 5 4 3
15 10 6 4 4 4
15 10 6 3 3 3 3
15 10 5 5 5 3
15 10 5 5 4 4
15 10 5 4 3 3 3
15 10 4 4 4 3 3
15 10 3 3 3 3 3 3
15 9 9 7 3
15 9 9 6 4
15 9 9 5 5
15 9 9 4 3 3
15 9 8 8 3
15 9 8 7 4
15 9 8 6 5
15 9 8 5 3 3
15 9 8 4 4 3
15 9 7 7 5
15 9 7 6 6
15 9 7 6 3 3
15 9 7 5 4 3
15 9 7 4 4 4
15 9 7 3 3 3 3
15 9 6 6 4 3
15 9 6 5 5 3
15 9 6 5 4 4
15 9 6 4 3 3 3
15 9 5 5 5 4
15 9 5 5 3 3 3
15 9 5 4 4 3 3
15 9 4 4 4 4 3
15 9 4 3 3 3 3 3
15 8 8 8 4
15 8 8 7 5
15 8 8 6 6
15 8 8 6 3 3
15 8 8 5 4 3
15 8 8 4 4 4
15 8 8 3 3 3 3
15 8 7 7 6
15 8 7 7 3 3
15 8 7 6 4 3
15 8 7 5 5 3
15 8 7 5 4 4
15 8 7 4 3 3 3
15 8 6 6 5 3
15 8 6 6 4 4
15 8 6 5 5 4
15 8 6 5 3 3 3
15 8 6 4 4 3 3
15 8 5 5 5 5
15 8 5 5 4 3 3
15 8 5 4 4 4 3
15 8 5 3 3 3 3 3
15 8 4 4 4 4 4
15 8 4 4 3 3 3 3
15 7 7 7 7
15 7 7 7 4 3
15 7 7 6 5 3
15 7 7 6 4 4
15 7 7 5 5 4
15 7 7 5 3 3 3
15 7 7 4 4 3 3
15 7 6 6 6 3
15 7 6 6 5 4
15 7 6 6 3 3 3
15 7 6 5 5 5
15 7 6 5 4 3 3
15 7 6 4 4 4 3
15 7 6 3 3 3 3 3
15 7 5 5 5 3 3
15 7 5 5 4 4 3
15 7 5 4 4 4 4
15 7 5 4 3 3 3 3
15 7 4 4 4 3 3 3
15 7 3 3 3 3 3 3 3
15 6 6 6 6 4
15 6 6 6 5 5
15 6 6 6 4 3 3
15 6 6 5 5 3 3
15 6 6 5 4 4 3
15 6 6 4 4 4 4
15 6 6 4 3 3 3 3
15 6 5 5 5 4 3
15 6 5 5 4 4 4
15 6 5 5 3 3 3 3
15 6 5 4 4 3 3 3
15 6 4 4 4 4 3 3
15 6 4 3 3 3 3 3 3
15 5 5 5 5 5 3
15 5 5 5 5 4 4
15 5 5 5 4 3 3 3
15 5 5 4 4 4 3 3
15 5 5 3 3 3 3 3 3
15 5 4 4 4 4 4 3
15 5 4 4 3 3 3 3 3
15 4 4 4 4 4 4 4
15 4 4 4 4 3 3 3 3
15 4 3 3 3 3 3 3 3 3
14 14 12 3
14 14 11 4
14 14 10 5
14 14 9 6
14 14 9 3 3
14 14 8 7
14 14 8 4 3
14 14 7 5 3
14 14 7 4 4
14 14 6 6 3
14 14 6 5 4
14 14 6 3 3 3
14 14 5 5 5
14 14 5 4 3 3
14 14 4 4 4 3
14 14 3 3 3 3 3
14 13 13 3
14 13 12 4
14 13 11 5
14 13 10 6
14 13 10 3 3
14 13 9 7
14 13 9 4 3
14 13 8 8
14 13 8 5 3
14 13 8 4 4
14 13 7 6 3
14 13 7 5 4
14 13 7 3 3 3
14 13 6 6 4
14 13 6 5 5
14 13 6 4 3 3
14 13 5 5 3 3
14 13 5 4 4 3
14 13 4 4 4 4
14 13 4 3 3 3 3
14 12 12 5
14 12 11 6
14 12 11 3 3
14 12 10 7
14 12 10 4 3
14 12 9 8
14 12 9 5 3
14 12 9 4 4
14 12 8 6 3
14 12 8 5 4
14 12 8 3 3 3
14 12 7 7 3
14 12 7 6 4
14 12 7 5 5
14 12 7 4 3 3
14 12 6 6 5
14 12 6 5 3 3
14 12 6 4 4 3
14 12 5 5 4 3
14 12 5 4 4 4
14 12 5 3 3 3 3
14 12 4 4 3 3 3
14 11 11 7
14 11 11 4 3
14 11 10 8
14 11 10 5 3
14 11 10 4 4
14 11 9 9
14 11 9 6 3
14 11 9 5 4
14 11 9 3 3 3
14 11 8 7 3
14 11 8 6 4
14 11 8 5 5
14 11 8 4 3 3
14 11 7 7 4
14 11 7 6 5
14 11 7 5 3 3
14 11 7 4 4 3
14 11 6 6 6
14 11 6 6 3 3
14 11 6 5 4 3
14 11 6 4 4 4
14 11 6 3 3 3 3
14 11 5 5 5 3
14 11 5 5 4 4
14 11 5 4 3 3 3
14 11 4 4 4 3 3
14 11 3 3 3 3 3 3
14 10 10 9
14 10 10 6 3
14 10 10 5 4
14 10 10 3 3 3
14 10 9 7 3
14 10 9 6 4
14 10 9 5 5
14 10 9 4 3 3
14 10 8 8 3
14 10 8 7 4
14 10 8 6 5
14 10 8 5 3 3
14 10 8 4 4 3
14 10 7 7 5
14 10 7 6 6
14 10 7 6 3 3
14 10 7 5 4 3
14 10 7 4 4 4
14 10 7 3 3 3 3
14 10 6 6 4 3
14 10 6 5 5 3
14 10 6 5 4 4
14 10 6 4 3 3 3
14 10 5 5 5 4
14 10 5 5 3 3 3
14 10 5 4 4 3 3
14 10 4 4 4 4 3
14 10 4 3 3 3 3 3
14 9 9 8 3
14 9 9 7 4
14 9 9 6 5
14 9 9 5 3 3
14 9 9 4 4 3
14 9 8 8 4
14 9 8 7 5
14 9 8 6 6
14 9 8 6 3 3
14 9 8 5 4 3
14 9 8 4 4 4
14 9 8 3 3 3 3
14 9 7 7 6
14 9 7 7 3 3
14 9 7 6 4 3
14 9 7 5 5 3
14 9 7 5 4 4
14 9 7 4 3 3 3
14 9 6 6 5 3
14 9 6 6 4 4
14 9 6 5 5 4
14 9 6 5 3 3 3
14 9 6 4 4 3 3
14 9 5 5 5 5
14 9 5 5 4 3 3
14 9 5 4 4 4 3
14 9 5 3 3 3 3 3
14 9 4 4 4 4 4
14 9 4 4 3 3 3 3
14 8 8 8 5
14 8 8 7 6
14 8 8 7 3 3
14 8 8 6 4 3
14 8 8 5 5 3
14 8 8 5 4 4
14 8 8 4 3 3 3
14 8 7 7 7
14 8 7 7 4 3
14 8 7 6 5 3
14 8 7 6 4 4
14 8 7 5 5 4
14 8 7 5 3 3 3
14 8 7 4 4 3 3
14 8 6 6 6 3
14 8 6 6 5 4
14 8 6 6 3 3 3
14 8 6 5 5 5
14 8 6 5 4 3 3
14 8 6 4 4 4 3
14 8 6 3 3 3 3 3
14 8 5 5 5 3 3
14 8 5 5 4 4 3
14 8 5 4 4 4 4
14 8 5 4 3 3 3 3
14 8 4 4 4 3 3 3
14 8 3 3 3 3 3 3 3
14 7 7 7 5 3
14 7 7 7 4 4
14 7 7 6 6 3
14 7 7 6 5 4
14 7 7 6 3 3 3
14 7 7 5 5 5
14 7 7 5 4 3 3
14 7 7 4 4 4 3
14 7 7 3 3 3 3 3
14 7 6 6 6 4
14 7 6 6 5 5
14 7 6 6 4 3 3
14 7 6 5 5 3 3
14 7 6 5 4 4 3
14 7 6 4 4 4 4
14 7 6 4 3 3 3 3
14 7 5 5 5 4 3
14 7 5 5 4 4 4
14 7 5 5 3 3 3 3
14 7 5 4 4 3 3 3
14 7 4 4 4 4 3 3
14 7 4 3 3 3 3 3 3
14 6 6 6 6 5
14 6 6 6 5 3 3
14 6 6 6 4 4 3
14 6 6 5 5 4 3
14 6 6 5 4 4 4
14 6 6 5 3 3 3 3
14 6 6 4 4 3 3 3
14 6 5 5 5 5 3
14 6 5 5 5 4 4
14 6 5 5 4 3 3 3
14 6 5 4 4 4 3 3
14 6 5 3 3 3 3 3 3
14 6 4 4 4 4 4 3
14 6 4 4 3 3 3 3 3
14 5 5 5 5 5 4
14 5 5 5 5 3 3 3
14 5 5 5 4 4 3 3
14 5 5 4 4 4 4 3
14 5 5 4 3 3 3 3 3
14 5 4 4 4 4 4 4
14 5 4 4 4 3 3 3 3
14 5 3 3 3 3 3 3 3 3
14 4 4 4 4 4 3 3 3
14 4 4 3 3 3 3 3 3 3
13 13 13 4
13 13 12 5
13 13 11 6
13 13 11 3 3
13 13 10 7
13 13 10 4 3
13 13 9 8
13 13 9 5 3
13 13 9 4 4
13 13 8 6 3
13 13 8 5 4
13 13 8 3 3 3
13 13 7 7 3
13 13 7 6 4
13 13 7 5 5
13 13 7 4 3 3
13 13 6 6 5
13 13 6 5 3 3
13 13 6 4 4 3
13 13 5 5 4 3
13 13 5 4 4 4
13 13 5 3 3 3 3
13 13 4 4 3 3 3
13 12 12 6
13 12 12 3 3
13 12 11 7
13 12 11 4 3
13 12 10 8
13 12 10 5 3
13 12 10 4 4
13 12 9 9
13 12 9 6 3
13 12 9 5 4
13 12 9 3 3 3
13 12 8 7 3
13 12 8 6 4
13 12 8 5 5
13 12 8 4 3 3
13 12 7 7 4
13 12 7 6 5
13 12 7 5 3 3
13 12 7 4 4 3
13 12 6 6 6
13 12 6 6 3 3
13 12 6 5 4 3
13 12 6 4 4 4
13 12 6 3 3 3 3
13 12 5 5 5 3
13 12 5 5 4 4
13 12 5 4 3 3 3
13 12 4 4 4 3 3
13 12 3 3 3 3 3 3
13 11 11 8
13 11 11 5 3
13 11 11 4 4
13 11 10 9
13 11 10 6 3
13 11 10 5 4
13 11 10 3 3 3
13 11 9 7 3
13 11 9 6 4
13 11 9 5 5
13 11 9 4 3 3
13 11 8 8 3
13 11 8 7 4
13 11 8 6 5
13 11 8 5 3 3
13 11 8 4 4 3
13 11 7 7 5
13 11 7 6 6
13 11 7 6 3 3
13 11 7 5 4 3
13 11 7 4 4 4
13 11 7 3 3 3 3
13 11 6 6 4 3
13 11 6 5 5 3
13 11 6 5 4 4
13 11 6 4 3 3 3
13 11 5 5 5 4
13 11 5 5 3 3 3
13 11 5 4 4 3 3
13 11 4 4 4 4 3
13 11 4 3 3 3 3 3
13 10 10 10
13 10 10 7 3
13 10 10 6 4
13 10 10 5 5
13 10 10 4 3 3
13 10 9 8 3
13 10 9 7 4
13 10 9 6 5
13 10 9 5 3 3
13 10 9 4 4 3
13 10 8 8 4
13 10 8 7 5
13 10 8 6 6
13 10 8 6 3 3
13 10 8 5 4 3
13 10 8 4 4 4
13 10 8 3 3 3 3
13 10 7 7 6
13 10 7 7 3 3
13 10 7 6 4 3
13 10 7 5 5 3
13 10 7 5 4 4
13 10 7 4 3 3 3
13 10 6 6 5 3
13 10 6 6 4 4
13 10 6 5 5 4
13 10 6 5 3 3 3
13 10 6 4 4 3 3
13 10 5 5 5 5
13 10 5 5 4 3 3
13 10 5 4 4 4 3
13 10 5 3 3 3 3 3
13 10 4 4 4 4 4
13 10 4 4 3 3 3 3
13 9 9 9 3
13 9 9 8 4
13 9 9 7 5
13 9 9 6 6
13 9 9 6 3 3
13 9 9 5 4 3
13 9 9 4 4 4
13 9 9 3 3 3 3
13 9 8 8 5
13 9 8 7 6
13 9 8 7 3 3
13 9 8 6 4 3
13 9 8 5 5 3
13 9 8 5 4 4
13 9 8 4 3 3 3
13 9 7 7 7
13 9 7 7 4 3
13 9 7 6 5 3
13 9 7 6 4 4
13 9 7 5 5 4
13 9 7 5 3 3 3
13 9 7 4 4 3 3
13 9 6 6 6 3
13 9 6 6 5 4
13 9 6 6 3 3 3
13 9 6 5 5 5
13 9 6 5 4 3 3
13 9 6 4 4 4 3
13 9 6 3 3 3 3 3
13 9 5 5 5 3 3
13 9 5 5 4 4 3
13 9 5 4 4 4 4
13 9 5 4 3 3 3 3
13 9 4 4 4 3 3 3
13 9 3 3 3 3 3 3 3
13 8 8 8 6
13 8 8 8 3 3
13 8 8 7 7
13 8 8 7 4 3
13 8 8 6 5 3
13 8 8 6 4 4
13 8 8 5 5 4
13 8 8 5 3 3 3
13 8 8 4 4 3 3
13 8 7 7 5 3
13 8 7 7 4 4
13 8 7 6 6 3
13 8 7 6 5 4
13 8 7 6 3 3 3
13 8 7 5 5 5
13 8 7 5 4 3 3
13 8 7 4 4 4 3
13 8 7 3 3 3 3 3
13 8 6 6 6 4
13 8 6 6 5 5
13 8 6 6 4 3 3
13 8 6 5 5 3 3
13 8 6 5 4 4 3
13 8 6 4 4 4 4
13 8 6 4 3 3 3 3
13 8 5 5 5 4 3
13 8 5 5 4 4 4
13 8 5 5 3 3 3 3
13 8 5 4 4 3 3 3
13 8 4 4 4 4 3 3
13 8 4 3 3 3 3 3 3
13 7 7 7 6 3
13 7 7 7 5 4
13 7 7 7 3 3 3
13 7 7 6 6 4
13 7 7 6 5 5
13 7 7 6 4 3 3
13 7 7 5 5 3 3
13 7 7 5 4 4 3
13 7 7 4 4 4 4
13 7 7 4 3 3 3 3
13 7 6 6 6 5
13 7 6 6 5 3 3
13 7 6 6 4 4 3
13 7 6 5 5 4 3
13 7 6 5 4 4 4
13 7 6 5 3 3 3 3
13 7 6 4 4 3 3 3
13 7 5 5 5 5 3
13 7 5 5 5 4 4
13 7 5 5 4 3 3 3
13 7 5 4 4 4 3 3
13 7 5 3 3 3 3 3 3
13 7 4 4 4 4 4 3
13 7 4 4 3 3 3 3 3
13 6 6 6 6 6
13 6 6 6 6 3 3
13 6 6 6 5 4 3
13 6 6 6 4 4 4
13 6 6 6 3 3 3 3
13 6 6 5 5 5 3
13 6 6 5 5 4 4
13 6 6 5 4 3 3 3
13 6 6 4 4 4 3 3
13 6 6 3 3 3 3 3 3
13 6 5 5 5 5 4
13 6 5 5 5 3 3 3
13 6 5 5 4 4 3 3
13 6 5 4 4 4 4 3
13 6 5 4 3 3 3 3 3
13 6 4 4 4 4 4 4
13 6 4 4 4 3 3 3 3
13 6 3 3 3 3 3 3 3 3
13 5 5 5 5 5 5
13 5 5 5 5 4 3 3
13 5 5 5 4 4 4 3
13 5 5 5 3 3 3 3 3
13 5 5 4 4 4 4 4
13 5 5 4 4 3 3 3 3
13 5 4 4 4 4 3 3 3
13 5 4 3 3 3 3 3 3 3
13 4 4 4 4 4 4 3 3
13 4 4 4 3 3 3 3 3 3
13 3 3 3 3 3 3 3 3 3 3
12 12 12 7
12 12 12 4 3
12 12 11 8
12 12 11 5 3
12 12 11 4 4
12 12 10 9
12 12 10 6 3
12 12 10 5 4
12 12 10 3 3 3
12 12 9 7 3
12 12 9 6 4
12 12 9 5 5
12 12 9 4 3 3
12 12 8 8 3
12 12 8 7 4
12 12 8 6 5
12 12 8 5 3 3
12 12 8 4 4 3
12 12 7 7 5
12 12 7 6 6
12 12 7 6 3 3
12 12 7 5 4 3
12 12 7 4 4 4
12 12 7 3 3 3 3
12 12 6 6 4 3
12 12 6 5 5 3
12 12 6 5 4 4
12 12 6 4 3 3 3
12 12 5 5 5 4
12 12 5 5 3 3 3
12 12 5 4 4 3 3
12 12 4 4 4 4 3
12 12 4 3 3 3 3 3
12 11 11 9
12 11 11 6 3
12 11 11 5 4
12 11 11 3 3 3
12 11 10 10
12 11 10 7 3
12 11 10 6 4
12 11 10 5 5
12 11 10 4 3 3
12 11 9 8 3
12 11 9 7 4
12 11 9 6 5
12 11 9 5 3 3
12 11 9 4 4 3
12 11 8 8 4
12 11 8 7 5
12 11 8 6 6
12 11 8 6 3 3
12 11 8 5 4 3
12 11 8 4 4 4
12 11 8 3 3 3 3
12 11 7 7 6
12 11 7 7 3 3
12 11 7 6 4 3
12 11 7 5 5 3
12 11 7 5 4 4
12 11 7 4 3 3 3
12 11 6 6 5 3
12 11 6 6 4 4
12 11 6 5 5 4
12 11 6 5 3 3 3
12 11 6 4 4 3 3
12 11 5 5 5 5
12 11 5 5 4 3 3
12 11 5 4 4 4 3
12 11 5 3 3 3 3 3
12 11 4 4 4 4 4
12 11 4 4 3 3 3 3
12 10 10 8 3
12 10 10 7 4
12 10 10 6 5
12 10 10 5 3 3
12 10 10 4 4 3
12 10 9 9 3
12 10 9 8 4
12 10 9 7 5
12 10 9 6 6
12 10 9 6 3 3
12 10 9 5 4 3
12 10 9 4 4 4
12 10 9 3 3 3 3
12 10 8 8 5
12 10 8 7 6
12 10 8 7 3 3
12 10 8 6 4 3
12 10 8 5 5 3
12 10 8 5 4 4
12 10 8 4 3 3 3
12 10 7 7 7
12 10 7 7 4 3
12 10 7 6 5 3
12 10 7 6 4 4
12 10 7 5 5 4
12 10 7 5 3 3 3
12 10 7 4 4 3 3
12 10 6 6 6 3
12 10 6 6 5 4
12 10 6 6 3 3 3
12 10 6 5 5 5
12 10 6 5 4 3 3
12 10 6 4 4 4 3
12 10 6 3 3 3 3 3
12 10 5 5 5 3 3
12 10 5 5 4 4 3
12 10 5 4 4 4 4
12 10 5 4 3 3 3 3
12 10 4 4 4 3 3 3
12 10 3 3 3 3 3 3 3
12 9 9 9 4
12 9 9 8 5
12 9 9 7 6
12 9 9 7 3 3
12 9 9 6 4 3
12 9 9 5 5 3
12 9 9 5 4 4
12 9 9 4 3 3 3
12 9 8 8 6
12 9 8 8 3 3
12 9 8 7 7
12 9 8 7 4 3
12 9 8 6 5 3
12 9 8 6 4 4
12 9 8 5 5 4
12 9 8 5 3 3 3
12 9 8 4 4 3 3
12 9 7 7 5 3
12 9 7 7 4 4
12 9 7 6 6 3
12 9 7 6 5 4
12 9 7 6 3 3 3
12 9 7 5 5 5
12 9 7 5 4 3 3
12 9 7 4 4 4 3
12 9 7 3 3 3 3 3
12 9 6 6 6 4
12 9 6 6 5 5
12 9 6 6 4 3 3
12 9 6 5 5 3 3
12 9 6 5 4 4 3
12 9 6 4 4 4 4
12 9 6 4 3 3 3 3
12 9 5 5 5 4 3
12 9 5 5 4 4 4
12 9 5 5 3 3 3 3
12 9 5 4 4 3 3 3
12 9 4 4 4 4 3 3
12 9 4 3 3 3 3 3 3
12 8 8 8 7
12 8 8 8 4 3
12 8 8 7 5 3
12 8 8 7 4 4
12 8 8 6 6 3
12 8 8 6 5 4
12 8 8 6 3 3 3
12 8 8 5 5 5
12 8 8 5 4 3 3
12 8 8 4 4 4 3
12 8 8 3 3 3 3 3
12 8 7 7 6 3
12 8 7 7 5 4
12 8 7 7 3 3 3
12 8 7 6 6 4
12 8 7 6 5 5
12 8 7 6 4 3 3
12 8 7 5 5 3 3
12 8 7 5 4 4 3
12 8 7 4 4 4 4
12 8 7 4 3 3 3 3
12 8 6 6 6 5
12 8 6 6 5 3 3
12 8 6 6 4 4 3
12 8 6 5 5 4 3
12 8 6 5 4 4 4
12 8 6 5 3 3 3 3
12 8 6 4 4 3 3 3
12 8 5 5 5 5 3
12 8 5 5 5 4 4
12 8 5 5 4 3 3 3
12 8 5 4 4 4 3 3
12 8 5 3 3 3 3 3 3
12 8 4 4 4 4 4 3
12 8 4 4 3 3 3 3 3
12 7 7 7 7 3
12 7 7 7 6 4
12 7 7 7 5 5
12 7 7 7 4 3 3
12 7 7 6 6 5
12 7 7 6 5 3 3
12 7 7 6 4 4 3
12 7 7 5 5 4 3
12 7 7 5 4 4 4
12 7 7 5 3 3 3 3
12 7 7 4 4 3 3 3
12 7 6 6 6 6
12 7 6 6 6 3 3
12 7 6 6 5 4 3
12 7 6 6 4 4 4
12 7 6 6 3 3 3 3
12 7 6 5 5 5 3
12 7 6 5 5 4 4
12 7 6 5 4 3 3 3
12 7 6 4 4 4 3 3
12 7 6 3 3 3 3 3 3
12 7 5 5 5 5 4
12 7 5 5 5 3 3 3
12 7 5 5 4 4 3 3
12 7 5 4 4 4 4 3
12 7 5 4 3 3 3 3 3
12 7 4 4 4 4 4 4
12 7 4 4 4 3 3 3 3
12 7 3 3 3 3 3 3 3 3
12 6 6 6 6 4 3
12 6 6 6 5 5 3
12 6 6 6 5 4 4
12 6 6 6 4 3 3 3
12 6 6 5 5 5 4
12 6 6 5 5 3 3 3
12 6 6 5 4 4 3 3
12 6 6 4 4 4 4 3
12 6 6 4 3 3 3 3 3
12 6 5 5 5 5 5
12 6 5 5 5 4 3 3
12 6 5 5 4 4 4 3
12 6 5 5 3 3 3 3 3
12 6 5 4 4 4 4 4
12 6 5 4 4 3 3 3 3
12 6 4 4 4 4 3 3 3
12 6 4 3 3 3 3 3 3 3
12 5 5 5 5 5 3 3
12 5 5 5 5 4 4 3
12 5 5 5 4 4 4 4
12 5 5 5 4 3 3 3 3
12 5 5 4 4 4 3 3 3
12 5 5 3 3 3 3 3 3 3
12 5 4 4 4 4 4 3 3
12 5 4 4 3 3 3 3 3 3
12 4 4 4 4 4 4 4 3
12 4 4 4 4 3 3 3 3 3
12 4 3 3 3 3 3 3 3 3 3
11 11 11 10
11 11 11 7 3
11 11 11 6 4
11 11 11 5 5
11 11 11 4 3 3
11 11 10 8 3
11 11 10 7 4
11 11 10 6 5
11 11 10 5 3 3
11 11 10 4 4 3
11 11 9 9 3
11 11 9 8 4
11 11 9 7 5
11 11 9 6 6
11 11 9 6 3 3
11 11 9 5 4 3
11 11 9 4 4 4
11 11 9 3 3 3 3
11 11 8 8 5
11 11 8 7 6
11 11 8 7 3 3
11 11 8 6 4 3
11 11 8 5 5 3
11 11 8 5 4 4
11 11 8 4 3 3 3
11 11 7 7 7
11 11 7 7 4 3
11 11 7 6 5 3
11 11 7 6 4 4
11 11 7 5 5 4
11 11 7 5 3 3 3
11 11 7 4 4 3 3
11 11 6 6 6 3
11 11 6 6 5 4
11 11 6 6 3 3 3
11 11 6 5 5 5
11 11 6 5 4 3 3
11 11 6 4 4 4 3
11 11 6 3 3 3 3 3
11 11 5 5 5 3 3
11 11 5 5 4 4 3
11 11 5 4 4 4 4
11 11 5 4 3 3 3 3
11 11 4 4 4 3 3 3
11 11 3 3 3 3 3 3 3
11 10 10 9 3
11 10 10 8 4
11 10 10 7 5
11 10 10 6 6
11 10 10 6 3 3
11 10 10 5 4 3
11 10 10 4 4 4
11 10 10 3 3 3 3
11 10 9 9 4
11 10 9 8 5
11 10 9 7 6
11 10 9 7 3 3
11 10 9 6 4 3
11 10 9 5 5 3
11 10 9 5 4 4
11 10 9 4 3 3 3
11 10 8 8 6
11 10 8 8 3 3
11 10 8 7 7
11 10 8 7 4 3
11 10 8 6 5 3
11 10 8 6 4 4
11 10 8 5 5 4
11 10 8 5 3 3 3
11 10 8 4 4 3 3
11 10 7 7 5 3
11 10 7 7 4 4
11 10 7 6 6 3
11 10 7 6 5 4
11 10 7 6 3 3 3
11 10 7 5 5 5
11 10 7 5 4 3 3
11 10 7 4 4 4 3
11 10 7 3 3 3 3 3
11 10 6 6 6 4
11 10 6 6 5 5
11 10 6 6 4 3 3
11 10 6 5 5 3 3
11 10 6 5 4 4 3
11 10 6 4 4 4 4
11 10 6 4 3 3 3 3
11 10 5 5 5 4 3
11 10 5 5 4 4 4
11 10 5 5 3 3 3 3
11 10 5 4 4 3 3 3
11 10 4 4 4 4 3 3
11 10 4 3 3 3 3 3 3
11 9 9 9 5
11 9 9 8 6
11 9 9 8 3 3
11 9 9 7 7
11 9 9 7 4 3
11 9 9 6 5 3
11 9 9 6 4 4
11 9 9 5 5 4
11 9 9 5 3 3 3
11 9 9 4 4 3 3
11 9 8 8 7
11 9 8 8 4 3
11 9 8 7 5 3
11 9 8 7 4 4
11 9 8 6 6 3
11 9 8 6 5 4
11 9 8 6 3 3 3
11 9 8 5 5 5
11 9 8 5 4 3 3
11 9 8 4 4 4 3
11 9 8 3 3 3 3 3
11 9 7 7 6 3
11 9 7 7 5 4
11 9 7 7 3 3 3
11 9 7 6 6 4
11 9 7 6 5 5
11 9 7 6 4 3 3
11 9 7 5 5 3 3
11 9 7 5 4 4 3
11 9 7 4 4 4 4
11 9 7 4 3 3 3 3
11 9 6 6 6 5
11 9 6 6 5 3 3
11 9 6 6 4 4 3
11 9 6 5 5 4 3
11 9 6 5 4 4 4
11 9 6 5 3 3 3 3
11 9 6 4 4 3 3 3
11 9 5 5 5 5 3
11 9 5 5 5 4 4
11 9 5 5 4 3 3 3
11 9 5 4 4 4 3 3
11 9 5 3 3 3 3 3 3
11 9 4 4 4 4 4 3
11 9 4 4 3 3 3 3 3
11 8 8 8 8
11 8 8 8 5 3
11 8 8 8 4 4
11 8 8 7 6 3
11 8 8 7 5 4
11 8 8 7 3 3 3
11 8 8 6 6 4
11 8 8 6 5 5
11 8 8 6 4 3 3
11 8 8 5 5 3 3
11 8 8 5 4 4 3
11 8 8 4 4 4 4
11 8 8 4 3 3 3 3
11 8 7 7 7 3
11 8 7 7 6 4
11 8 7 7 5 5
11 8 7 7 4 3 3
11 8 7 6 6 5
11 8 7 6 5 3 3
11 8 7 6 4 4 3
11 8 7 5 5 4 3
11 8 7 5 4 4 4
11 8 7 5 3 3 3 3
11 8 7 4 4 3 3 3
11 8 6 6 6 6
11 8 6 6 6 3 3
11 8 6 6 5 4 3
11 8 6 6 4 4 4
11 8 6 6 3 3 3 3
11 8 6 5 5 5 3
11 8 6 5 5 4 4
11 8 6 5 4 3 3 3
11 8 6 4 4 4 3 3
11 8 6 3 3 3 3 3 3
11 8 5 5 5 5 4
11 8 5 5 5 3 3 3
11 8 5 5 4 4 3 3
11 8 5 4 4 4 4 3
11 8 5 4 3 3 3 3 3
11 8 4 4 4 4 4 4
11 8 4 4 4 3 3 3 3
11 8 3 3 3 3 3 3 3 3
11 7 7 7 7 4
11 7 7 7 6 5
11 7 7 7 5 3 3
11 7 7 7 4 4 3
11 7 7 6 6 6
11 7 7 6 6 3 3
11 7 7 6 5 4 3
11 7 7 6 4 4 4
11 7 7 6 3 3 3 3
11 7 7 5 5 5 3
11 7 7 5 5 4 4
11 7 7 5 4 3 3 3
11 7 7 4 4 4 3 3
11 7 7 3 3 3 3 3 3
11 7 6 6 6 4 3
11 7 6 6 5 5 3
11 7 6 6 5 4 4
11 7 6 6 4 3 3 3
11 7 6 5 5 5 4
11 7 6 5 5 3 3 3
11 7 6 5 4 4 3 3
11 7 6 4 4 4 4 3
11 7 6 4 3 3 3 3 3
11 7 5 5 5 5 5
11 7 5 5 5 4 3 3
11 7 5 5 4 4 4 3
11 7 5 5 3 3 3 3 3
11 7 5 4 4 4 4 4
11 7 5 4 4 3 3 3 3
11 7 4 4 4 4 3 3 3
11 7 4 3 3 3 3 3 3 3
11 6 6 6 6 5 3
11 6 6 6 6 4 4
11 6 6 6 5 5 4
11 6 6 6 5 3 3 3
11 6 6 6 4 4 3 3
11 6 6 5 5 5 5
11 6 6 5 5 4 3 3
11 6 6 5 4 4 4 3
11 6 6 5 3 3 3 3 3
11 6 6 4 4 4 4 4
11 6 6 4 4 3 3 3 3
11 6 5 5 5 5 3 3
11 6 5 5 5 4 4 3
11 6 5 5 4 4 4 4
11 6 5 5 4 3 3 3 3
11 6 5 4 4 4 3 3 3
11 6 5 3 3 3 3 3 3 3
11 6 4 4 4 4 4 3 3
11 6 4 4 3 3 3 3 3 3
11 5 5 5 5 5 4 3
11 5 5 5 5 4 4 4
11 5 5 5 5 3 3 3 3
11 5 5 5 4 4 3 3 3
11 5 5 4 4 4 4 3 3
11 5 5 4 3 3 3 3 3 3
11 5 4 4 4 4 4 4 3
11 5 4 4 4 3 3 3 3 3
11 5 3 3 3 3 3 3 3 3 3
11 4 4 4 4 4 4 4 4
11 4 4 4 4 4 3 3 3 3
11 4 4 3 3 3 3 3 3 3 3
10 10 10 10 3
10 10 10 9 4
10 10 10 8 5
10 10 10 7 6
10 10 10 7 3 3
10 10 10 6 4 3
10 10 10 5 5 3
10 10 10 5 4 4
10 10 10 4 3 3 3
10 10 9 9 5
10 10 9 8 6
10 10 9 8 3 3
10 10 9 7 7
10 10 9 7 4 3
10 10 9 6 5 3
10 10 9 6 4 4
10 10 9 5 5 4
10 10 9 5 3 3 3
10 10 9 4 4 3 3
10 10 8 8 7
10 10 8 8 4 3
10 10 8 7 5 3
10 10 8 7 4 4
10 10 8 6 6 3
10 10 8 6 5 4
10 10 8 6 3 3 3
10 10 8 5 5 5
10 10 8 5 4 3 3
10 10 8 4 4 4 3
10 10 8 3 3 3 3 3
10 10 7 7 6 3
10 10 7 7 5 4
10 10 7 7 3 3 3
10 10 7 6 6 4
10 10 7 6 5 5
10 10 7 6 4 3 3
10 10 7 5 5 3 3
10 10 7 5 4 4 3
10 10 7 4 4 4 4
10 10 7 4 3 3 3 3
10 10 6 6 6 5
10 10 6 6 5 3 3
10 10 6 6 4 4 3
10 10 6 5 5 4 3
10 10 6 5 4 4 4
10 10 6 5 3 3 3 3
10 10 6 4 4 3 3 3
10 10 5 5 5 5 3
10 10 5 5 5 4 4
10 10 5 5 4 3 3 3
10 10 5 4 4 4 3 3
10 10 5 3 3 3 3 3 3
10 10 4 4 4 4 4 3
10 10 4 4 3 3 3 3 3
10 9 9 9 6
10 9 9 9 3 3
10 9 9 8 7
10 9 9 8 4 3
10 9 9 7 5 3
10 9 9 7 4 4
10 9 9 6 6 3
10 9 9 6 5 4
10 9 9 6 3 3 3
10 9 9 5 5 5
10 9 9 5 4 3 3
10 9 9 4 4 4 3
10 9 9 3 3 3 3 3
10 9 8 8 8
10 9 8 8 5 3
10 9 8 8 4 4
10 9 8 7 6 3
10 9 8 7 5 4
10 9 8 7 3 3 3
10 9 8 6 6 4
10 9 8 6 5 5
10 9 8 6 4 3 3
10 9 8 5 5 3 3
10 9 8 5 4 4 3
10 9 8 4 4 4 4
10 9 8 4 3 3 3 3
10 9 7 7 7 3
10 9 7 7 6 4
10 9 7 7 5 5
10 9 7 7 4 3 3
10 9 7 6 6 5
10 9 7 6 5 3 3
10 9 7 6 4 4 3
10 9 7 5 5 4 3
10 9 7 5 4 4 4
10 9 7 5 3 3 3 3
10 9 7 4 4 3 3 3
10 9 6 6 6 6
10 9 6 6 6 3 3
10 9 6 6 5 4 3
10 9 6 6 4 4 4
10 9 6 6 3 3 3 3
10 9 6 5 5 5 3
10 9 6 5 5 4 4
10 9 6 5 4 3 3 3
10 9 6 4 4 4 3 3
10 9 6 3 3 3 3 3 3
10 9 5 5 5 5 4
10 9 5 5 5 3 3 3
10 9 5 5 4 4 3 3
10 9 5 4 4 4 4 3
10 9 5 4 3 3 3 3 3
10 9 4 4 4 4 4 4
10 9 4 4 4 3 3 3 3
10 9 3 3 3 3 3 3 3 3
10 8 8 8 6 3
10 8 8 8 5 4
10 8 8 8 3 3 3
10 8 8 7 7 3
10 8 8 7 6 4
10 8 8 7 5 5
10 8 8 7 4 3 3
10 8 8 6 6 5
10 8 8 6 5 3 3
10 8 8 6 4 4 3
10 8 8 5 5 4 3
10 8 8 5 4 4 4
10 8 8 5 3 3 3 3
10 8 8 4 4 3 3 3
10 8 7 7 7 4
10 8 7 7 6 5
10 8 7 7 5 3 3
10 8 7 7 4 4 3
10 8 7 6 6 6
10 8 7 6 6 3 3
10 8 7 6 5 4 3
10 8 7 6 4 4 4
10 8 7 6 3 3 3 3
10 8 7 5 5 5 3
10 8 7 5 5 4 4
10 8 7 5 4 3 3 3
10 8 7 4 4 4 3 3
10 8 7 3 3 3 3 3 3
10 8 6 6 6 4 3
10 8 6 6 5 5 3
10 8 6 6 5 4 4
10 8 6 6 4 3 3 3
10 8 6 5 5 5 4
10 8 6 5 5 3 3 3
10 8 6 5 4 4 3 3
10 8 6 4 4 4 4 3
10 8 6 4 3 3 3 3 3
10 8 5 5 5 5 5
10 8 5 5 5 4 3 3
10 8 5 5 4 4 4 3
10 8 5 5 3 3 3 3 3
10 8 5 4 4 4 4 4
10 8 5 4 4 3 3 3 3
10 8 4 4 4 4 3 3 3
10 8 4 3 3 3 3 3 3 3
10 7 7 7 7 5
10 7 7 7 6 6
10 7 7 7 6 3 3
10 7 7 7 5 4 3
10 7 7 7 4 4 4
10 7 7 7 3 3 3 3
10 7 7 6 6 4 3
10 7 7 6 5 5 3
10 7 7 6 5 4 4
10 7 7 6 4 3 3 3
10 7 7 5 5 5 4
10 7 7 5 5 3 3 3
10 7 7 5 4 4 3 3
10 7 7 4 4 4 4 3
10 7 7 4 3 3 3 3 3
10 7 6 6 6 5 3
10 7 6 6 6 4 4
10 7 6 6 5 5 4
10 7 6 6 5 3 3 3
10 7 6 6 4 4 3 3
10 7 6 5 5 5 5
10 7 6 5 5 4 3 3
10 7 6 5 4 4 4 3
10 7 6 5 3 3 3 3 3
10 7 6 4 4 4 4 4
10 7 6 4 4 3 3 3 3
10 7 5 5 5 5 3 3
10 7 5 5 5 4 4 3
10 7 5 5 4 4 4 4
10 7 5 5 4 3 3 3 3
10 7 5 4 4 4 3 3 3
10 7 5 3 3 3 3 3 3 3
10 7 4 4 4 4 4 3 3
10 7 4 4 3 3 3 3 3 3
10 6 6 6 6 6 3
10 6 6 6 6 5 4
10 6 6 6 6 3 3 3
10 6 6 6 5 5 5
10 6 6 6 5 4 3 3
10 6 6 6 4 4 4 3
10 6 6 6 3 3 3 3 3
10 6 6 5 5 5 3 3
10 6 6 5 5 4 4 3
10 6 6 5 4 4 4 4
10 6 6 5 4 3 3 3 3
10 6 6 4 4 4 3 3 3
10 6 6 3 3 3 3 3 3 3
10 6 5 5 5 5 4 3
10 6 5 5 5 4 4 4
10 6 5 5 5 3 3 3 3
10 6 5 5 4 4 3 3 3
10 6 5 4 4 4 4 3 3
10 6 5 4 3 3 3 3 3 3
10 6 4 4 4 4 4 4 3
10 6 4 4 4 3 3 3 3 3
10 6 3 3 3 3 3 3 3 3 3
10 5 5 5 5 5 5 3
10 5 5 5 5 5 4 4
10 5 5 5 5 4 3 3 3
10 5 5 5 4 4 4 3 3
10 5 5 5 3 3 3 3 3 3
10 5 5 4 4 4 4 4 3
10 5 5 4 4 3 3 3 3 3
10 5 4 4 4 4 4 4 4
10 5 4 4 4 4 3 3 3 3
10 5 4 3 3 3 3 3 3 3 3
10 4 4 4 4 4 4 3 3 3
10 4 4 4 3 3 3 3 3 3 3
10 3 3 3 3 3 3 3 3 3 3 3
9 9 9 9 7
9 9 9 9 4 3
9 9 9 8 8
9 9 9 8 5 3
9 9 9 8 4 4
9 9 9 7 6 3
9 9 9 7 5 4
9 9 9 7 3 3 3
9 9 9 6 6 4
9 9 9 6 5 5
9 9 9 6 4 3 3
9 9 9 5 5 3 3
9 9 9 5 4 4 3
9 9 9 4 4 4 4
9 9 9 4 3 3 3 3
9 9 8 8 6 3
9 9 8 8 5 4
9 9 8 8 3 3 3
9 9 8 7 7 3
9 9 8 7 6 4
9 9 8 7 5 5
9 9 8 7 4 3 3
9 9 8 6 6 5
9 9 8 6 5 3 3
9 9 8 6 4 4 3
9 9 8 5 5 4 3
9 9 8 5 4 4 4
9 9 8 5 3 3 3 3
9 9 8 4 4 3 3 3
9 9 7 7 7 4
9 9 7 7 6 5
9 9 7 7 5 3 3
9 9 7 7 4 4 3
9 9 7 6 6 6
9 9 7 6 6 3 3
9 9 7 6 5 4 3
9 9 7 6 4 4 4
9 9 7 6 3 3 3 3
9 9 7 5 5 5 3
9 9 7 5 5 4 4
9 9 7 5 4 3 3 3
9 9 7 4 4 4 3 3
9 9 7 3 3 3 3 3 3
9 9 6 6 6 4 3
9 9 6 6 5 5 3
9 9 6 6 5 4 4
9 9 6 6 4 3 3 3
9 9 6 5 5 5 4
9 9 6 5 5 3 3 3
9 9 6 5 4 4 3 3
9 9 6 4 4 4 4 3
9 9 6 4 3 3 3 3 3
9 9 5 5 5 5 5
9 9 5 5 5 4 3 3
9 9 5 5 4 4 4 3
9 9 5 5 3 3 3 3 3
9 9 5 4 4 4 4 4
9 9 5 4 4 3 3 3 3
9 9 4 4 4 4 3 3 3
9 9 4 3 3 3 3 3 3 3
9 8 8 8 7 3
9 8 8 8 6 4
9 8 8 8 5 5
9 8 8 8 4 3 3
9 8 8 7 7 4
9 8 8 7 6 5
9 8 8 7 5 3 3
9 8 8 7 4 4 3
9 8 8 6 6 6
9 8 8 6 6 3 3
9 8 8 6 5 4 3
9 8 8 6 4 4 4
9 8 8 6 3 3 3 3
9 8 8 5 5 5 3
9 8 8 5 5 4 4
9 8 8 5 4 3 3 3
9 8 8 4 4 4 3 3
9 8 8 3 3 3 3 3 3
9 8 7 7 7 5
9 8 7 7 6 6
9 8 7 7 6 3 3
9 8 7 7 5 4 3
9 8 7 7 4 4 4
9 8 7 7 3 3 3 3
9 8 7 6 6 4 3
9 8 7 6 5 5 3
9 8 7 6 5 4 4
9 8 7 6 4 3 3 3
9 8 7 5 5 5 4
9 8 7 5 5 3 3 3
9 8 7 5 4 4 3 3
9 8 7 4 4 4 4 3
9 8 7 4 3 3 3 3 3
9 8 6 6 6 5 3
9 8 6 6 6 4 4
9 8 6 6 5 5 4
9 8 6 6 5 3 3 3
9 8 6 6 4 4 3 3
9 8 6 5 5 5 5
9 8 6 5 5 4 3 3
9 8 6 5 4 4 4 3
9 8 6 5 3 3 3 3 3
9 8 6 4 4 4 4 4
9 8 6 4 4 3 3 3 3
9 8 5 5 5 5 3 3
9 8 5 5 5 4 4 3
9 8 5 5 4 4 4 4
9 8 5 5 4 3 3 3 3
9 8 5 4 4 4 3 3 3
9 8 5 3 3 3 3 3 3 3
9 8 4 4 4 4 4 3 3
9 8 4 4 3 3 3 3 3 3
9 7 7 7 7 6
9 7 7 7 7 3 3
9 7 7 7 6 4 3
9 7 7 7 5 5 3
9 7 7 7 5 4 4
9 7 7 7 4 3 3 3
9 7 7 6 6 5 3
9 7 7 6 6 4 4
9 7 7 6 5 5 4
9 7 7 6 5 3 3 3
9 7 7 6 4 4 3 3
9 7 7 5 5 5 5
9 7 7 5 5 4 3 3
9 7 7 5 4 4 4 3
9 7 7 5 3 3 3 3 3
9 7 7 4 4 4 4 4
9 7 7 4 4 3 3 3 3
9 7 6 6 6 6 3
9 7 6 6 6 5 4
9 7 6 6 6 3 3 3
9 7 6 6 5 5 5
9 7 6 6 5 4 3 3
9 7 6 6 4 4 4 3
9 7 6 6 3 3 3 3 3
9 7 6 5 5 5 3 3
9 7 6 5 5 4 4 3
9 7 6 5 4 4 4 4
9 7 6 5 4 3 3 3 3
9 7 6 4 4 4 3 3 3
9 7 6 3 3 3 3 3 3 3
9 7 5 5 5 5 4 3
9 7 5 5 5 4 4 4
9 7 5 5 5 3 3 3 3
9 7 5 5 4 4 3 3 3
9 7 5 4 4 4 4 3 3
9 7 5 4 3 3 3 3 3 3
9 7 4 4 4 4 4 4 3
9 7 4 4 4 3 3 3 3 3
9 7 3 3 3 3 3 3 3 3 3
9 6 6 6 6 6 4
9 6 6 6 6 5 5
9 6 6 6 6 4 3 3
9 6 6 6 5 5 3 3
9 6 6 6 5 4 4 3
9 6 6 6 4 4 4 4
9 6 6 6 4 3 3 3 3
9 6 6 5 5 5 4 3
9 6 6 5 5 4 4 4
9 6 6 5 5 3 3 3 3
9 6 6 5 4 4 3 3 3
9 6 6 4 4 4 4 3 3
9 6 6 4 3 3 3 3 3 3
9 6 5 5 5 5 5 3
9 6 5 5 5 5 4 4
9 6 5 5 5 4 3 3 3
9 6 5 5 4 4 4 3 3
9 6 5 5 3 3 3 3 3 3
9 6 5 4 4 4 4 4 3
9 6 5 4 4 3 3 3 3 3
9 6 4 4 4 4 4 4 4
9 6 4 4 4 4 3 3 3 3
9 6 4 3 3 3 3 3 3 3 3
9 5 5 5 5 5 5 4
9 5 5 5 5 5 3 3 3
9 5 5 5 5 4 4 3 3
9 5 5 5 4 4 4 4 3
9 5 5 5 4 3 3 3 3 3
9 5 5 4 4 4 4 4 4
9 5 5 4 4 4 3 3 3 3
9 5 5 3 3 3 3 3 3 3 3
9 5 4 4 4 4 4 3 3 3
9 5 4 4 3 3 3 3 3 3 3
9 4 4 4 4 4 4 4 3 3
9 4 4 4 4 3 3 3 3 3 3
9 4 3 3 3 3 3 3 3 3 3 3
8 8 8 8 8 3
8 8 8 8 7 4
8 8 8 8 6 5
8 8 8 8 5 3 3
8 8 8 8 4 4 3
8 8 8 7 7 5
8 8 8 7 6 6
8 8 8 7 6 3 3
8 8 8 7 5 4 3
8 8 8 7 4 4 4
8 8 8 7 3 3 3 3
8 8 8 6 6 4 3
8 8 8 6 5 5 3
8 8 8 6 5 4 4
8 8 8 6 4 3 3 3
8 8 8 5 5 5 4
8 8 8 5 5 3 3 3
8 8 8 5 4 4 3 3
8 8 8 4 4 4 4 3
8 8 8 4 3 3 3 3 3
8 8 7 7 7 6
8 8 7 7 7 3 3
8 8 7 7 6 4 3
8 8 7 7 5 5 3
8 8 7 7 5 4 4
8 8 7 7 4 3 3 3
8 8 7 6 6 5 3
8 8 7 6 6 4 4
8 8 7 6 5 5 4
8 8 7 6 5 3 3 3
8 8 7 6 4 4 3 3
8 8 7 5 5 5 5
8 8 7 5 5 4 3 3
8 8 7 5 4 4 4 3
8 8 7 5 3 3 3 3 3
8 8 7 4 4 4 4 4
8 8 7 4 4 3 3 3 3
8 8 6 6 6 6 3
8 8 6 6 6 5 4
8 8 6 6 6 3 3 3
8 8 6 6 5 5 5
8 8 6 6 5 4 3 3
8 8 6 6 4 4 4 3
8 8 6 6 3 3 3 3 3
8 8 6 5 5 5 3 3
8 8 6 5 5 4 4 3
8 8 6 5 4 4 4 4
8 8 6 5 4 3 3 3 3
8 8 6 4 4 4 3 3 3
8 8 6 3 3 3 3 3 3 3
8 8 5 5 5 5 4 3
8 8 5 5 5 4 4 4
8 8 5 5 5 3 3 3 3
8 8 5 5 4 4 3 3 3
8 8 5 4 4 4 4 3 3
8 8 5 4 3 3 3 3 3 3
8 8 4 4 4 4 4 4 3
8 8 4 4 4 3 3 3 3 3
8 8 3 3 3 3 3 3 3 3 3
8 7 7 7 7 7
8 7 7 7 7 4 3
8 7 7 7 6 5 3
8 7 7 7 6 4 4
8 7 7 7 5 5 4
8 7 7 7 5 3 3 3
8 7 7 7 4 4 3 3
8 7 7 6 6 6 3
8 7 7 6 6 5 4
8 7 7 6 6 3 3 3
8 7 7 6 5 5 5
8 7 7 6 5 4 3 3
8 7 7 6 4 4 4 3
8 7 7 6 3 3 3 3 3
8 7 7 5 5 5 3 3
8 7 7 5 5 4 4 3
8 7 7 5 4 4 4 4
8 7 7 5 4 3 3 3 3
8 7 7 4 4 4 3 3 3
8 7 7 3 3 3 3 3 3 3
8 7 6 6 6 6 4
8 7 6 6 6 5 5
8 7 6 6 6 4 3 3
8 7 6 6 5 5 3 3
8 7 6 6 5 4 4 3
8 7 6 6 4 4 4 4
8 7 6 6 4 3 3 3 3
8 7 6 5 5 5 4 3
8 7 6 5 5 4 4 4
8 7 6 5 5 3 3 3 3
8 7 6 5 4 4 3 3 3
8 7 6 4 4 4 4 3 3
8 7 6 4 3 3 3 3 3 3
8 7 5 5 5 5 5 3
8 7 5 5 5 5 4 4
8 7 5 5 5 4 3 3 3
8 7 5 5 4 4 4 3 3
8 7 5 5 3 3 3 3 3 3
8 7 5 4 4 4 4 4 3
8 7 5 4 4 3 3 3 3 3
8 7 4 4 4 4 4 4 4
8 7 4 4 4 4 3 3 3 3
8 7 4 3 3 3 3 3 3 3 3
8 6 6 6 6 6 5
8 6 6 6 6 5 3 3
8 6 6 6 6 4 4 3
8 6 6 6 5 5 4 3
8 6 6 6 5 4 4 4
8 6 6 6 5 3 3 3 3
8 6 6 6 4 4 3 3 3
8 6 6 5 5 5 5 3
8 6 6 5 5 5 4 4
8 6 6 5 5 4 3 3 3
8 6 6 5 4 4 4 3 3
8 6 6 5 3 3 3 3 3 3
8 6 6 4 4 4 4 4 3
8 6 6 4 4 3 3 3 3 3
8 6 5 5 5 5 5 4
8 6 5 5 5 5 3 3 3
8 6 5 5 5 4 4 3 3
8 6 5 5 4 4 4 4 3
8 6 5 5 4 3 3 3 3 3
8 6 5 4 4 4 4 4 4
8 6 5 4 4 4 3 3 3 3
8 6 5 3 3 3 3 3 3 3 3
8 6 4 4 4 4 4 3 3 3
8 6 4 4 3 3 3 3 3 3 3
8 5 5 5 5 5 5 5
8 5 5 5 5 5 4 3 3
8 5 5 5 5 4 4 4 3
8 5 5 5 5 3 3 3 3 3
8 5 5 5 4 4 4 4 4
8 5 5 5 4 4 3 3 3 3
8 5 5 4 4 4 4 3 3 3
8 5 5 4 3 3 3 3 3 3 3
8 5 4 4 4 4 4 4 3 3
8 5 4 4 4 3 3 3 3 3 3
8 5 3 3 3 3 3 3 3 3 3 3
8 4 4 4 4 4 4 4 4 3
8 4 4 4 4 4 3 3 3 3 3
8 4 4 3 3 3 3 3 3 3 3 3
7 7 7 7 7 5 3
7 7 7 7 7 4 4
7 7 7 7 6 6 3
7 7 7 7 6 5 4
7 7 7 7 6 3 3 3
7 7 7 7 5 5 5
7 7 7 7 5 4 3 3
7 7 7 7 4 4 4 3
7 7 7 7 3 3 3 3 3
7 7 7 6 6 6 4
7 7 7 6 6 5 5
7 7 7 6 6 4 3 3
7 7 7 6 5 5 3 3
7 7 7 6 5 4 4 3
7 7 7 6 4 4 4 4
7 7 7 6 4 3 3 3 3
7 7 7 5 5 5 4 3
7 7 7 5 5 4 4 4
7 7 7 5 5 3 3 3 3
7 7 7 5 4 4 3 3 3
7 7 7 4 4 4 4 3 3
7 7 7 4 3 3 3 3 3 3
7 7 6 6 6 6 5
7 7 6 6 6 5 3 3
7 7 6 6 6 4 4 3
7 7 6 6 5 5 4 3
7 7 6 6 5 4 4 4
7 7 6 6 5 3 3 3 3
7 7 6 6 4 4 3 3 3
7 7 6 5 5 5 5 3
7 7 6 5 5 5 4 4
7 7 6 5 5 4 3 3 3
7 7 6 5 4 4 4 3 3
7 7 6 5 3 3 3 3 3 3
7 7 6 4 4 4 4 4 3
7 7 6 4 4 3 3 3 3 3
7 7 5 5 5 5 5 4
7 7 5 5 5 5 3 3 3
7 7 5 5 5 4 4 3 3
7 7 5 5 4 4 4 4 3
7 7 5 5 4 3 3 3 3 3
7 7 5 4 4 4 4 4 4
7 7 5 4 4 4 3 3 3 3
7 7 5 3 3 3 3 3 3 3 3
7 7 4 4 4 4 4 3 3 3
7 7 4 4 3 3 3 3 3 3 3
7 6 6 6 6 6 6
7 6 6 6 6 6 3 3
7 6 6 6 6 5 4 3
7 6 6 6 6 4 4 4
7 6 6 6 6 3 3 3 3
7 6 6 6 5 5 5 3
7 6 6 6 5 5 4 4
7 6 6 6 5 4 3 3 3
7 6 6 6 4 4 4 3 3
7 6 6 6 3 3 3 3 3 3
7 6 6 5 5 5 5 4
7 6 6 5 5 5 3 3 3
7 6 6 5 5 4 4 3 3
7 6 6 5 4 4 4 4 3
7 6 6 5 4 3 3 3 3 3
7 6 6 4 4 4 4 4 4
7 6 6 4 4 4 3 3 3 3
7 6 6 3 3 3 3 3 3 3 3
7 6 5 5 5 5 5 5
7 6 5 5 5 5 4 3 3
7 6 5 5 5 4 4 4 3
7 6 5 5 5 3 3 3 3 3
7 6 5 5 4 4 4 4 4
7 6 5 5 4 4 3 3 3 3
7 6 5 4 4 4 4 3 3 3
7 6 5 4 3 3 3 3 3 3 3
7 6 4 4 4 4 4 4 3 3
7 6 4 4 4 3 3 3 3 3 3
7 6 3 3 3 3 3 3 3 3 3 3
7 5 5 5 5 5 5 3 3
7 5 5 5 5 5 4 4 3
7 5 5 5 5 4 4 4 4
7 5 5 5 5 4 3 3 3 3
7 5 5 5 4 4 4 3 3 3
7 5 5 5 3 3 3 3 3 3 3
7 5 5 4 4 4 4 4 3 3
7 5 5 4 4 3 3 3 3 3 3
7 5 4 4 4 4 4 4 4 3
7 5 4 4 4 4 3 3 3 3 3
7 5 4 3 3 3 3 3 3 3 3 3
7 4 4 4 4 4 4 4 4 4
7 4 4 4 4 4 4 3 3 3 3
7 4 4 4 3 3 3 3 3 3 3 3
7 3 3 3 3 3 3 3 3 3 3 3 3
6 6 6 6 6 6 4 3
6 6 6 6 6 5 5 3
6 6 6 6 6 5 4 4
6 6 6 6 6 4 3 3 3
6 6 6 6 5 5 5 4
6 6 6 6 5 5 3 3 3
6 6 6 6 5 4 4 3 3
6 6 6 6 4 4 4 4 3
6 6 6 6 4 3 3 3 3 3
6 6 6 5 5 5 5 5
6 6 6 5 5 5 4 3 3
6 6 6 5 5 4 4 4 3
6 6 6 5 5 3 3 3 3 3
6 6 6 5 4 4 4 4 4
6 6 6 5 4 4 3 3 3 3
6 6 6 4 4 4 4 3 3 3
6 6 6 4 3 3 3 3 3 3 3
6 6 5 5 5 5 5 3 3
6 6 5 5 5 5 4 4 3
6 6 5 5 5 4 4 4 4
6 6 5 5 5 4 3 3 3 3
6 6 5 5 4 4 4 3 3 3
6 6 5 5 3 3 3 3 3 3 3
6 6 5 4 4 4 4 4 3 3
6 6 5 4 4 3 3 3 3 3 3
6 6 4 4 4 4 4 4 4 3
6 6 4 4 4 4 3 3 3 3 3
6 6 4 3 3 3 3 3 3 3 3 3
6 5 5 5 5 5 5 4 3
6 5 5 5 5 5 4 4 4
6 5 5 5 5 5 3 3 3 3
6 5 5 5 5 4 4 3 3 3
6 5 5 5 4 4 4 4 3 3
6 5 5 5 4 3 3 3 3 3 3
6 5 5 4 4 4 4 4 4 3
6 5 5 4 4 4 3 3 3 3 3
6 5 5 3 3 3 3 3 3 3 3 3
6 5 4 4 4 4 4 4 4 4
6 5 4 4 4 4 4 3 3 3 3
6 5 4 4 3 3 3 3 3 3 3 3
6 4 4 4 4 4 4 4 3 3 3
6 4 4 4 4 3 3 3 3 3 3 3
6 4 3 3 3 3 3 3 3 3 3 3 3
5 5 5 5 5 5 5 5 3
5 5 5 5 5 5 5 4 4
5 5 5 5 5 5 4 3 3 3
5 5 5 5 5 4 4 4 3 3
5 5 5 5 5 3 3 3 3 3 3
5 5 5 5 4 4 4 4 4 3
5 5 5 5 4 4 3 3 3 3 3
5 5 5 4 4 4 4 4 4 4
5 5 5 4 4 4 4 3 3 3 3
5 5 5 4 3 3 3 3 3 3 3 3
5 5 4 4 4 4 4 4 3 3 3
5 5 4 4 4 3 3 3 3 3 3 3
5 5 3 3 3 3 3 3 3 3 3 3 3
5 4 4 4 4 4 4 4 4 3 3
5 4 4 4 4 4 3 3 3 3 3 3
5 4 4 3 3 3 3 3 3 3 3 3 3
4 4 4 4 4 4 4 4 4 4 3
4 4 4 4 4 4 4 3 3 3 3 3
4 4 4 4 3 3 3 3 3 3 3 3 3
4 3 3 3 3 3 3 3 3 3 3 3 3 3
